0.298956 2 -0.060929
0.645986 2 -0.091043
0.942222 0 -0.125329
1.14413 0 -0.0908621
1.42131 2 -0.0908619
1.65714 3 -0.12043
1.89351 2 -0.099569
2.1239 1 -0.0908619
2.3717 1 -0.120249
2.57633 1 -0.0904988
2.81469 3 -0.0912248
3.04979 2 -0.120612
3.28689 3 -0.120068
3.51546 2 -0.0904981
3.77342 2 -0.0997509
4.01723 0 -0.120612
4.25379 3 -0.0999321
4.51084 0 -0.120612
4.70785 3 -0.0700001
4.94785 2 -0.0886849
5.16934 3 -0.0912241
5.43619 0 -0.0999321
5.66404 3 -0.120612
5.89206 2 -0.12043
6.119 0 -0.0912241
6.32581 2 -0.090681
6.5629 1 -0.0908622
6.82213 0 -0.0910434
7.05778 2 -0.0904988
7.28599 3 -0.0912241
7.55356 0 -0.120613
7.76 0 -0.0904993
7.98803 1 -0.0908612
8.22512 2 -0.0906796
8.47909 3 -0.0903172
8.67791 0 -0.0910429
8.91429 3 -0.0698189
9.17116 2 -0.120431
9.37905 2 -0.0903172
9.64571 2 -0.12043
9.87429 0 -0.0906805
10.1273 0 -0.0908617
10.3639 3 -0.0903172
10.5925 0 -0.0703634
10.8504 0 -0.0912232
11.1171 1 -0.120068
11.3451 2 -0.12025
11.579 0 -0.12043
