0.511972 0 0.340641
1.21593 4 1.0446
2.64519 3 0.639292
3.54115 3 0.980606
4.90641 4 0.511298
5.75969 1 1.0446
7.16762 3 0.489966
8.02091 2 0.383304
8.8102 3 0.169983
9.38617 3 0.511299
10.1968 3 0.852613
11.6047 0 0.596627
12.4793 0 0.873946
13.8019 3 0.617959
14.7406 4 0.831281
16.0631 4 0.532631
16.9591 1 0.383306
17.7697 0 0.105987
18.3244 4 0.511297
19.2416 3 0.72462
20.6069 1 0.596628
21.5455 4 0.767286
22.8041 2 0.575292
23.7214 0 0.959274
25.0867 3 0.468635
25.9826 2 0.361974
26.7506 3 0.105987
27.3692 0 -0.0860027
28.1798 3 -0.0860046
29.5664 3 -0.064671
30.4197 2 -0.0860027
31.785 1 -0.064669
32.6383 4 -0.0860008
33.9822 4 -0.0860008
34.8781 2 -0.0860046
35.6461 2 -0.107336
36.2434 4 -0.107336
37.118 1 -0.0860046
38.4833 1 -0.0646729
39.2726 1 -0.0646729
40.6805 1 -0.0860046
41.5125 2 -0.064669
42.8991 3 -0.0860008
43.7523 2 0.383302
44.5843 3 0.127317
45.1389 3 0.489965
45.9496 0 0.532629
47.2935 0 0.596624
48.2108 1 0.767286
49.5334 2 0.575296
50.408 4 0.852617
51.7306 1 0.553964
52.6052 2 0.489965
53.4798 0 0.0633217
53.9491 4 1.94056
53.9491 0 1.94056
56.2317 3 1.7059
56.2317 2 1.7059
58.4716 0 1.66324
58.4716 4 1.66324
60.6048 4 1.72724
60.6048 2 1.72724
62.8447 3 1.87655
62.8447 0 1.87655
65.1485 2 1.68457
65.1485 1 1.68457
67.3031 1 1.68456
67.3031 4 1.68456
69.4576 1 1.66324
69.4576 3 1.66324
71.7402 4 1.59924
71.7402 0 1.59924
73.9374 0 1.44991
73.9374 2 1.44991
76.1133 1 1.83389
76.1133 3 1.83389
78.3318 3 1.62057
78.3318 1 1.62057
80.5504 3 1.64191
80.5504 4 1.64191
82.7903 0 1.72724
82.7903 1 1.72724
85.0301 2 1.62058
85.0301 3 1.62058
87.2274 4 1.74857
87.2274 0 1.74857
89.5099 4 0.468637
90.2992 4 0.76729
